-1.000000e+02 5.000000e+03
-9.900000e+01 4.900500e+03
-9.800000e+01 4.802000e+03
-9.700000e+01 4.704500e+03
-9.600000e+01 4.608000e+03
-9.500000e+01 4.512500e+03
-9.400000e+01 4.418000e+03
-9.300000e+01 4.324500e+03
-9.200000e+01 4.232000e+03
-9.100000e+01 4.140500e+03
-9.000000e+01 4.050000e+03
-8.900000e+01 3.960500e+03
-8.800000e+01 3.872000e+03
-8.700000e+01 3.784500e+03
-8.600000e+01 3.698000e+03
-8.500000e+01 3.612500e+03
-8.400000e+01 3.528000e+03
-8.300000e+01 3.444500e+03
-8.200000e+01 3.362000e+03
-8.100000e+01 3.280500e+03
-8.000000e+01 3.200000e+03
-7.900000e+01 3.120500e+03
-7.800000e+01 3.042000e+03
-7.700000e+01 2.964500e+03
-7.600000e+01 2.888000e+03
-7.500000e+01 2.812500e+03
-7.400000e+01 2.738000e+03
-7.300000e+01 2.664500e+03
-7.200000e+01 2.592000e+03
-7.100000e+01 2.520500e+03
-7.000000e+01 2.450000e+03
-6.900000e+01 2.380500e+03
-6.800000e+01 2.312000e+03
-6.700000e+01 2.244500e+03
-6.600000e+01 2.178000e+03
-6.500000e+01 2.112500e+03
-6.400000e+01 2.048000e+03
-6.300000e+01 1.984500e+03
-6.200000e+01 1.922000e+03
-6.100000e+01 1.860500e+03
-6.000000e+01 1.800000e+03
-5.900000e+01 1.740500e+03
-5.800000e+01 1.682000e+03
-5.700000e+01 1.624500e+03
-5.600000e+01 1.568000e+03
-5.500000e+01 1.512500e+03
-5.400000e+01 1.458000e+03
-5.300000e+01 1.404500e+03
-5.200000e+01 1.352000e+03
-5.100000e+01 1.300500e+03
-5.000000e+01 1.250000e+03
-4.900000e+01 1.200500e+03
-4.800000e+01 1.152000e+03
-4.700000e+01 1.104500e+03
-4.600000e+01 1.058000e+03
-4.500000e+01 1.012500e+03
-4.400000e+01 9.680000e+02
-4.300000e+01 9.245000e+02
-4.200000e+01 8.820000e+02
-4.100000e+01 8.405000e+02
-4.000000e+01 8.000000e+02
-3.900000e+01 7.605000e+02
-3.800000e+01 7.220000e+02
-3.700000e+01 6.845000e+02
-3.600000e+01 6.480000e+02
-3.500000e+01 6.125000e+02
-3.400000e+01 5.780000e+02
-3.300000e+01 5.445000e+02
-3.200000e+01 5.120000e+02
-3.100000e+01 4.805000e+02
-3.000000e+01 4.500000e+02
-2.900000e+01 4.205000e+02
-2.800000e+01 3.920000e+02
-2.700000e+01 3.645000e+02
-2.600000e+01 3.380000e+02
-2.500000e+01 3.125000e+02
-2.400000e+01 2.880000e+02
-2.300000e+01 2.645000e+02
-2.200000e+01 2.420000e+02
-2.100000e+01 2.205000e+02
-2.000000e+01 2.000000e+02
-1.900000e+01 1.805000e+02
-1.800000e+01 1.620000e+02
-1.700000e+01 1.445000e+02
-1.600000e+01 1.280000e+02
-1.500000e+01 1.125000e+02
-1.400000e+01 9.800000e+01
-1.300000e+01 8.450000e+01
-1.200000e+01 7.200000e+01
-1.100000e+01 6.050000e+01
-1.000000e+01 5.000000e+01
-9.000000e+00 4.050000e+01
-8.000000e+00 3.200000e+01
-7.000000e+00 2.450000e+01
-6.000000e+00 1.800000e+01
-5.000000e+00 1.250000e+01
-4.000000e+00 8.000000e+00
-3.000000e+00 4.500000e+00
-2.000000e+00 2.000000e+00
-1.000000e+00 5.000000e-01
0.000000e+00 0.000000e+00
1.000000e+00 5.000000e-01
2.000000e+00 2.000000e+00
3.000000e+00 4.500000e+00
4.000000e+00 8.000000e+00
5.000000e+00 1.250000e+01
6.000000e+00 1.800000e+01
7.000000e+00 2.450000e+01
8.000000e+00 3.200000e+01
9.000000e+00 4.050000e+01
1.000000e+01 5.000000e+01
1.100000e+01 6.050000e+01
1.200000e+01 7.200000e+01
1.300000e+01 8.450000e+01
1.400000e+01 9.800000e+01
1.500000e+01 1.125000e+02
1.600000e+01 1.280000e+02
1.700000e+01 1.445000e+02
1.800000e+01 1.620000e+02
1.900000e+01 1.805000e+02
2.000000e+01 2.000000e+02
2.100000e+01 2.205000e+02
2.200000e+01 2.420000e+02
2.300000e+01 2.645000e+02
2.400000e+01 2.880000e+02
2.500000e+01 3.125000e+02
2.600000e+01 3.380000e+02
2.700000e+01 3.645000e+02
2.800000e+01 3.920000e+02
2.900000e+01 4.205000e+02
3.000000e+01 4.500000e+02
3.100000e+01 4.805000e+02
3.200000e+01 5.120000e+02
3.300000e+01 5.445000e+02
3.400000e+01 5.780000e+02
3.500000e+01 6.125000e+02
3.600000e+01 6.480000e+02
3.700000e+01 6.845000e+02
3.800000e+01 7.220000e+02
3.900000e+01 7.605000e+02
4.000000e+01 8.000000e+02
4.100000e+01 8.405000e+02
4.200000e+01 8.820000e+02
4.300000e+01 9.245000e+02
4.400000e+01 9.680000e+02
4.500000e+01 1.012500e+03
4.600000e+01 1.058000e+03
4.700000e+01 1.104500e+03
4.800000e+01 1.152000e+03
4.900000e+01 1.200500e+03
5.000000e+01 1.250000e+03
5.100000e+01 1.300500e+03
5.200000e+01 1.352000e+03
5.300000e+01 1.404500e+03
5.400000e+01 1.458000e+03
5.500000e+01 1.512500e+03
5.600000e+01 1.568000e+03
5.700000e+01 1.624500e+03
5.800000e+01 1.682000e+03
5.900000e+01 1.740500e+03
6.000000e+01 1.800000e+03
6.100000e+01 1.860500e+03
6.200000e+01 1.922000e+03
6.300000e+01 1.984500e+03
6.400000e+01 2.048000e+03
6.500000e+01 2.112500e+03
6.600000e+01 2.178000e+03
6.700000e+01 2.244500e+03
6.800000e+01 2.312000e+03
6.900000e+01 2.380500e+03
7.000000e+01 2.450000e+03
7.100000e+01 2.520500e+03
7.200000e+01 2.592000e+03
7.300000e+01 2.664500e+03
7.400000e+01 2.738000e+03
7.500000e+01 2.812500e+03
7.600000e+01 2.888000e+03
7.700000e+01 2.964500e+03
7.800000e+01 3.042000e+03
7.900000e+01 3.120500e+03
8.000000e+01 3.200000e+03
8.100000e+01 3.280500e+03
8.200000e+01 3.362000e+03
8.300000e+01 3.444500e+03
8.400000e+01 3.528000e+03
8.500000e+01 3.612500e+03
8.600000e+01 3.698000e+03
8.700000e+01 3.784500e+03
8.800000e+01 3.872000e+03
8.900000e+01 3.960500e+03
9.000000e+01 4.050000e+03
9.100000e+01 4.140500e+03
9.200000e+01 4.232000e+03
9.300000e+01 4.324500e+03
9.400000e+01 4.418000e+03
9.500000e+01 4.512500e+03
9.600000e+01 4.608000e+03
9.700000e+01 4.704500e+03
9.800000e+01 4.802000e+03
9.900000e+01 4.900500e+03
1.000000e+02 5.000000e+03
