0.000 1000.0
0.001 1000.0
0.002 1000.0
0.003 1000.0
0.004 1000.0
0.005 1000.0
0.006 1000.0
0.007 1000.0
0.008 1000.0
0.009 1000.0
0.010 971.6780
0.011 954.8335
0.012 944.3246
0.013 933.9292
0.014 923.6460
0.015 913.4738
0.016 903.4115
0.017 893.4579
0.018 883.6117
0.019 873.8719
0.020 864.2373
0.021 854.7067
0.022 845.2790
0.023 835.9532
0.024 826.7280
0.025 817.6025
0.026 808.5756
0.027 799.6461
0.028 790.8131
0.029 782.0755
0.030 773.4323
0.031 764.8824
0.032 756.4249
0.033 748.0587
0.034 739.7829
0.035 731.5964
0.036 723.4984
0.037 715.4879
0.038 707.5639
0.039 699.7255
0.040 691.9718
0.041 684.3018
0.042 676.7147
0.043 669.2095
0.044 661.7855
0.045 654.4416
0.046 647.1771
0.047 639.9910
0.048 632.8826
0.049 625.8510
0.050 618.8954
0.051 612.0149
0.052 605.2087
0.053 598.4761
0.054 591.8163
0.055 585.2284
0.056 578.7117
0.057 572.2654
0.058 565.8887
0.059 559.5810
0.060 553.3414
0.061 547.1693
0.062 541.0638
0.063 535.0244
0.064 529.0502
0.065 523.1405
0.066 517.2948
0.067 511.5122
0.068 505.7921
0.069 500.1339
0.070 494.5368
0.071 489.0002
0.072 483.5234
0.073 478.1058
0.074 472.7468
0.075 467.4458
0.076 462.2020
0.077 457.0149
0.078 451.8839
0.079 446.8084
0.080 441.7877
0.081 436.8214
0.082 431.9087
0.083 427.0491
0.084 422.2421
0.085 417.4870
0.086 412.7834
0.087 408.1306
0.088 403.5281
0.089 398.9754
0.090 394.4720
0.091 390.0172
0.092 385.6106
0.093 381.2517
0.094 376.9399
0.095 372.6748
0.096 368.4557
0.097 364.2823
0.098 360.1541
0.099 356.0705
0.100 352.0311
0.101 348.0353
0.102 344.0828
0.103 340.1731
0.104 336.3056
0.105 332.4800
0.106 328.6958
0.107 324.9525
0.108 321.2498
0.109 317.5871
0.110 313.9640
0.111 310.3801
0.112 306.8350
0.113 303.3283
0.114 299.8595
0.115 296.4283
0.116 293.0342
0.117 289.6768
0.118 286.3558
0.119 283.0707
0.120 279.8212
0.121 276.6068
0.122 273.4273
0.123 270.2821
0.124 267.1711
0.125 264.0937
0.126 261.0496
0.127 258.0385
0.128 255.0600
0.129 252.1137
0.130 249.1993
0.131 246.3165
0.132 243.4649
0.133 240.6442
0.134 237.8541
0.135 235.0942
0.136 232.3641
0.137 229.6637
0.138 226.9925
0.139 224.3502
0.140 221.7365
0.141 219.1512
0.142 216.5939
0.143 214.0643
0.144 211.5621
0.145 209.0870
0.146 206.6387
0.147 204.2170
0.148 201.8215
0.149 199.4520
0.150 197.1082
0.151 194.7897
0.152 192.4964
0.153 190.2280
0.154 187.9841
0.155 185.7646
0.156 183.5692
0.157 181.3975
0.158 179.2494
0.159 177.1246
0.160 175.0228
0.161 172.9439
0.162 170.8874
0.163 168.8533
0.164 166.8413
0.165 164.8510
0.166 162.8824
0.167 160.9351
0.168 159.0090
0.169 157.1037
0.170 155.2192
0.171 153.3550
0.172 151.5111
0.173 149.6873
0.174 147.8832
0.175 146.0987
0.176 144.3336
0.177 142.5876
0.178 140.8606
0.179 139.1523
0.180 137.4626
0.181 135.7913
0.182 134.1381
0.183 132.5028
0.184 130.8853
0.185 129.2854
0.186 127.7029
0.187 126.1376
0.188 124.5892
0.189 123.0577
0.190 121.5429
0.191 120.0445
0.192 118.5623
0.193 117.0963
0.194 115.6463
0.195 114.2120
0.196 112.7933
0.197 111.3900
0.198 110.0020
0.199 108.6290
0.200 107.2710
0.201 105.9278
0.202 104.5992
0.203 103.2850
0.204 101.9852
0.205 100.6995
0.206 99.4277
0.207 98.1699
0.208 96.9257
0.209 95.6950
0.210 94.4778
0.211 93.2738
0.212 92.0829
0.213 90.9050
0.214 89.7399
0.215 88.5875
0.216 87.4476
0.217 86.3202
0.218 85.2051
0.219 84.1021
0.220 83.0111
0.221 81.9320
0.222 80.8647
0.223 79.8090
0.224 78.7648
0.225 77.7320
0.226 76.7105
0.227 75.7001
0.228 74.7008
0.229 73.7123
0.230 72.7346
0.231 71.7676
0.232 70.8112
0.233 69.8652
0.234 68.9295
0.235 68.0040
0.236 67.0886
0.237 66.1833
0.238 65.2878
0.239 64.4021
0.240 63.5261
0.241 62.6596
0.242 61.8027
0.243 60.9550
0.244 60.1167
0.245 59.2875
0.246 58.4674
0.247 57.6562
0.248 56.8540
0.249 56.0605
0.250 55.2756
0.251 54.4994
0.252 53.7317
0.253 52.9723
0.254 52.2213
0.255 51.4785
0.256 50.7438
0.257 50.0172
0.258 49.2986
0.259 48.5878
0.260 47.8848
0.261 47.1895
0.262 46.5018
0.263 45.8217
0.264 45.1490
0.265 44.4838
0.266 43.8258
0.267 43.1750
0.268 42.5314
0.269 41.8948
0.270 41.2652
0.271 40.6426
0.272 40.0268
0.273 39.4177
0.274 38.8154
0.275 38.2196
0.276 37.6304
0.277 37.0477
0.278 36.4714
0.279 35.9014
0.280 35.3377
0.281 34.7802
0.282 34.2288
0.283 33.6835
0.284 33.1442
0.285 32.6109
0.286 32.0834
0.287 31.5617
0.288 31.0458
0.289 30.5356
0.290 30.0310
0.291 29.5319
0.292 29.0384
0.293 28.5503
0.294 28.0676
0.295 27.5902
0.296 27.1181
0.297 26.6512
0.298 26.1895
0.299 25.7329
0.300 25.2813
0.301 24.8347
0.302 24.3930
0.303 23.9563
0.304 23.5243
0.305 23.0972
0.306 22.6748
0.307 22.2570
0.308 21.8439
0.309 21.4354
0.310 21.0314
0.311 20.6318
0.312 20.2367
0.313 19.8460
0.314 19.4596
0.315 19.0776
0.316 18.6997
0.317 18.3261
0.318 17.9566
0.319 17.5912
0.320 17.2299
0.321 16.8726
0.322 16.5192
0.323 16.1699
0.324 15.8244
0.325 15.4827
0.326 15.1449
0.327 14.8108
0.328 14.4804
0.329 14.1538
0.330 13.8307
0.331 13.5113
0.332 13.1955
0.333 12.8831
0.334 12.5743
0.335 12.2689
0.336 11.9670
0.337 11.6684
0.338 11.3732
0.339 11.0812
0.340 10.7926
0.341 10.5072
0.342 10.2250
0.343 9.9459
0.344 9.6700
0.345 9.3972
0.346 9.1274
0.347 8.8607
0.348 8.5970
0.349 8.3362
0.350 8.0784
0.351 7.8235
0.352 7.5714
0.353 7.3222
0.354 7.0758
0.355 6.8322
0.356 6.5914
0.357 6.3532
0.358 6.1178
0.359 5.8850
0.360 5.6548
0.361 5.4273
0.362 5.2023
0.363 4.9799
0.364 4.7600
0.365 4.5426
0.366 4.3276
0.367 4.1151
0.368 3.9050
0.369 3.6973
0.370 3.4920
0.371 3.2890
0.372 3.0883
0.373 2.8899
0.374 2.6938
0.375 2.4999
0.376 2.3082
0.377 2.1187
0.378 1.9314
0.379 1.7462
0.380 1.5632
0.381 1.3822
0.382 1.2034
0.383 1.0265
0.384 0.8517
0.385 0.6789
0.386 0.5081
0.387 0.3393
0.388 0.1724
0.389 0.0075
0.390 -0.1556
0.391 -0.3168
0.392 -0.4761
0.393 -0.6336
0.394 -0.7892
0.395 -0.9431
0.396 -1.0951
0.397 -1.2454
0.398 -1.3940
0.399 -1.5408
0.400 -1.6859
0.401 -1.8294
0.402 -1.9711
0.403 -2.1112
0.404 -2.2497
0.405 -2.3866
0.406 -2.5218
0.407 -2.6555
0.408 -2.7876
0.409 -2.9182
0.410 -3.0472
0.411 -3.1747
0.412 -3.3007
0.413 -3.4252
0.414 -3.5483
0.415 -3.6699
0.416 -3.7901
0.417 -3.9088
0.418 -4.0262
0.419 -4.1421
0.420 -4.2567
0.421 -4.3699
0.422 -4.4818
0.423 -4.5923
0.424 -4.7015
0.425 -4.8095
0.426 -4.9161
0.427 -5.0214
0.428 -5.1255
0.429 -5.2284
0.430 -5.3300
0.431 -5.4304
0.432 -5.5295
0.433 -5.6275
0.434 -5.7243
0.435 -5.8200
0.436 -5.9144
0.437 -6.0077
0.438 -6.0999
0.439 -6.1910
0.440 -6.2810
0.441 -6.3698
0.442 -6.4576
0.443 -6.5443
0.444 -6.6300
0.445 -6.7146
0.446 -6.7981
0.447 -6.8806
0.448 -6.9621
0.449 -7.0426
0.450 -7.1222
0.451 -7.2007
0.452 -7.2782
0.453 -7.3548
0.454 -7.4304
0.455 -7.5051
0.456 -7.5789
0.457 -7.6517
0.458 -7.7236
0.459 -7.7946
0.460 -7.8647
0.461 -7.9339
0.462 -8.0023
0.463 -8.0698
0.464 -8.1364
0.465 -8.2022
0.466 -8.2671
0.467 -8.3313
0.468 -8.3946
0.469 -8.4571
0.470 -8.5187
0.471 -8.5796
0.472 -8.6397
0.473 -8.6991
0.474 -8.7576
0.475 -8.8154
0.476 -8.8725
0.477 -8.9288
0.478 -8.9843
0.479 -9.0392
0.480 -9.0933
0.481 -9.1467
0.482 -9.1994
0.483 -9.2514
0.484 -9.3027
0.485 -9.3533
0.486 -9.4032
0.487 -9.4525
0.488 -9.5011
0.489 -9.5490
0.490 -9.5963
0.491 -9.6430
0.492 -9.6890
0.493 -9.7344
0.494 -9.7792
0.495 -9.8234
0.496 -9.8669
0.497 -9.9099
0.498 -9.9523
0.499 -9.9940
0.500 -10.0352
0.501 -10.0758
0.502 -10.1159
0.503 -10.1553
0.504 -10.1942
0.505 -10.2326
0.506 -10.2704
0.507 -10.3077
0.508 -10.3444
0.509 -10.3806
0.510 -10.4163
0.511 -10.4515
0.512 -10.4861
0.513 -10.5203
0.514 -10.5539
0.515 -10.5871
0.516 -10.6197
0.517 -10.6519
0.518 -10.6836
0.519 -10.7148
0.520 -10.7455
0.521 -10.7758
0.522 -10.8056
0.523 -10.8350
0.524 -10.8639
0.525 -10.8923
0.526 -10.9203
0.527 -10.9479
0.528 -10.9751
0.529 -11.0018
0.530 -11.0281
0.531 -11.0539
0.532 -11.0794
0.533 -11.1044
0.534 -11.1291
0.535 -11.1533
0.536 -11.1772
0.537 -11.2006
0.538 -11.2237
0.539 -11.2463
0.540 -11.2686
0.541 -11.2905
0.542 -11.3120
0.543 -11.3332
0.544 -11.3540
0.545 -11.3744
0.546 -11.3945
0.547 -11.4142
0.548 -11.4336
0.549 -11.4526
0.550 -11.4713
0.551 -11.4896
0.552 -11.5076
0.553 -11.5252
0.554 -11.5425
0.555 -11.5595
0.556 -11.5762
0.557 -11.5925
0.558 -11.6086
0.559 -11.6243
0.560 -11.6397
0.561 -11.6548
0.562 -11.6696
0.563 -11.6841
0.564 -11.6983
0.565 -11.7121
0.566 -11.7257
0.567 -11.7391
0.568 -11.7521
0.569 -11.7648
0.570 -11.7773
0.571 -11.7895
0.572 -11.8014
0.573 -11.8130
0.574 -11.8244
0.575 -11.8355
0.576 -11.8463
0.577 -11.8569
0.578 -11.8672
0.579 -11.8773
0.580 -11.8871
0.581 -11.8967
0.582 -11.9060
0.583 -11.9150
0.584 -11.9239
0.585 -11.9324
0.586 -11.9408
0.587 -11.9489
0.588 -11.9568
0.589 -11.9644
0.590 -11.9718
0.591 -11.9790
0.592 -11.9859
0.593 -11.9927
0.594 -11.9992
0.595 -12.0055
0.596 -12.0115
0.597 -12.0174
0.598 -12.0230
0.599 -12.0285
0.600 -12.0337
0.601 -12.0387
0.602 -12.0436
0.603 -12.0482
0.604 -12.0526
0.605 -12.0568
0.606 -12.0608
0.607 -12.0647
0.608 -12.0683
0.609 -12.0717
0.610 -12.0750
0.611 -12.0780
0.612 -12.0809
0.613 -12.0836
0.614 -12.0861
0.615 -12.0884
0.616 -12.0906
0.617 -12.0925
0.618 -12.0943
0.619 -12.0959
0.620 -12.0974
0.621 -12.0987
0.622 -12.0998
0.623 -12.1007
0.624 -12.1015
0.625 -12.1021
0.626 -12.1025
0.627 -12.1028
0.628 -12.1029
0.629 -12.1029
0.630 -12.1027
0.631 -12.1023
0.632 -12.1018
0.633 -12.1012
0.634 -12.1004
0.635 -12.0994
0.636 -12.0983
0.637 -12.0971
0.638 -12.0957
0.639 -12.0941
0.640 -12.0925
0.641 -12.0906
0.642 -12.0887
0.643 -12.0866
0.644 -12.0843
0.645 -12.0819
0.646 -12.0794
0.647 -12.0767
0.648 -12.0740
0.649 -12.0710
0.650 -12.0680
0.651 -12.0648
0.652 -12.0615
0.653 -12.0580
0.654 -12.0545
0.655 -12.0508
0.656 -12.0469
0.657 -12.0430
0.658 -12.0389
0.659 -12.0347
0.660 -12.0304
0.661 -12.0260
0.662 -12.0214
0.663 -12.0167
0.664 -12.0120
0.665 -12.0070
0.666 -12.0020
0.667 -11.9969
0.668 -11.9916
0.669 -11.9863
0.670 -11.9808
0.671 -11.9752
0.672 -11.9695
0.673 -11.9637
0.674 -11.9578
0.675 -11.9518
0.676 -11.9457
0.677 -11.9395
0.678 -11.9331
0.679 -11.9267
0.680 -11.9201
0.681 -11.9135
0.682 -11.9068
0.683 -11.8999
0.684 -11.8930
0.685 -11.8859
0.686 -11.8788
0.687 -11.8715
0.688 -11.8642
0.689 -11.8567
0.690 -11.8492
0.691 -11.8416
0.692 -11.8338
0.693 -11.8260
0.694 -11.8181
0.695 -11.8101
0.696 -11.8020
0.697 -11.7938
0.698 -11.7855
0.699 -11.7771
0.700 -11.7687
0.701 -11.7601
0.702 -11.7515
0.703 -11.7427
0.704 -11.7339
0.705 -11.7250
0.706 -11.7160
0.707 -11.7069
0.708 -11.6977
0.709 -11.6885
0.710 -11.6791
0.711 -11.6697
0.712 -11.6602
0.713 -11.6506
0.714 -11.6409
0.715 -11.6311
0.716 -11.6213
0.717 -11.6113
0.718 -11.6013
0.719 -11.5912
0.720 -11.5810
0.721 -11.5708
0.722 -11.5604
0.723 -11.5500
0.724 -11.5395
0.725 -11.5289
0.726 -11.5183
0.727 -11.5076
0.728 -11.4967
0.729 -11.4859
0.730 -11.4749
0.731 -11.4638
0.732 -11.4527
0.733 -11.4415
0.734 -11.4303
0.735 -11.4189
0.736 -11.4075
0.737 -11.3960
0.738 -11.3845
0.739 -11.3728
0.740 -11.3611
0.741 -11.3493
0.742 -11.3375
0.743 -11.3255
0.744 -11.3135
0.745 -11.3015
0.746 -11.2893
0.747 -11.2771
0.748 -11.2648
0.749 -11.2525
0.750 -11.2401
0.751 -11.2276
0.752 -11.2150
0.753 -11.2024
0.754 -11.1896
0.755 -11.1769
0.756 -11.1640
0.757 -11.1511
0.758 -11.1381
0.759 -11.1250
0.760 -11.1119
0.761 -11.0987
0.762 -11.0855
0.763 -11.0721
0.764 -11.0587
0.765 -11.0452
0.766 -11.0317
0.767 -11.0181
0.768 -11.0044
0.769 -10.9907
0.770 -10.9769
0.771 -10.9630
0.772 -10.9491
0.773 -10.9350
0.774 -10.9210
0.775 -10.9068
0.776 -10.8926
0.777 -10.8783
0.778 -10.8640
0.779 -10.8496
0.780 -10.8351
0.781 -10.8205
0.782 -10.8059
0.783 -10.7912
0.784 -10.7765
0.785 -10.7617
0.786 -10.7468
0.787 -10.7318
0.788 -10.7168
0.789 -10.7017
0.790 -10.6866
0.791 -10.6714
0.792 -10.6561
0.793 -10.6407
0.794 -10.6253
0.795 -10.6098
0.796 -10.5943
0.797 -10.5787
0.798 -10.5630
0.799 -10.5473
0.800 -10.5315
0.801 -10.5156
0.802 -10.4996
0.803 -10.4836
0.804 -10.4676
0.805 -10.4514
0.806 -10.4352
0.807 -10.4190
0.808 -10.4026
0.809 -10.3862
0.810 -10.3698
0.811 -10.3532
0.812 -10.3366
0.813 -10.3200
0.814 -10.3032
0.815 -10.2864
0.816 -10.2696
0.817 -10.2526
0.818 -10.2356
0.819 -10.2186
0.820 -10.2014
0.821 -10.1842
0.822 -10.1670
0.823 -10.1497
0.824 -10.1323
0.825 -10.1148
0.826 -10.0973
0.827 -10.0797
0.828 -10.0620
0.829 -10.0443
0.830 -10.0265
0.831 -10.0087
0.832 -9.9907
0.833 -9.9728
0.834 -9.9547
0.835 -9.9366
0.836 -9.9184
0.837 -9.9001
0.838 -9.8818
0.839 -9.8634
0.840 -9.8450
0.841 -9.8265
0.842 -9.8079
0.843 -9.7892
0.844 -9.7705
0.845 -9.7517
0.846 -9.7329
0.847 -9.7140
0.848 -9.6950
0.849 -9.6759
0.850 -9.6568
0.851 -9.6377
0.852 -9.6184
0.853 -9.5991
0.854 -9.5797
0.855 -9.5603
0.856 -9.5408
0.857 -9.5212
0.858 -9.5015
0.859 -9.4818
0.860 -9.4620
0.861 -9.4422
0.862 -9.4223
0.863 -9.4023
0.864 -9.3822
0.865 -9.3621
0.866 -9.3419
0.867 -9.3217
0.868 -9.3013
0.869 -9.2809
0.870 -9.2605
0.871 -9.2399
0.872 -9.2193
0.873 -9.1987
0.874 -9.1779
0.875 -9.1571
0.876 -9.1362
0.877 -9.1152
0.878 -9.0942
0.879 -9.0731
0.880 -9.0519
0.881 -9.0306
0.882 -9.0093
0.883 -8.9879
0.884 -8.9664
0.885 -8.9448
0.886 -8.9232
0.887 -8.9015
0.888 -8.8797
0.889 -8.8578
0.890 -8.8358
0.891 -8.8138
0.892 -8.7917
0.893 -8.7695
0.894 -8.7473
0.895 -8.7249
0.896 -8.7025
0.897 -8.6800
0.898 -8.6575
0.899 -8.6348
0.900 -8.6121
0.901 -8.5892
0.902 -8.5663
0.903 -8.5434
0.904 -8.5203
0.905 -8.4971
0.906 -8.4739
0.907 -8.4506
0.908 -8.4272
0.909 -8.4037
0.910 -8.3801
0.911 -8.3565
0.912 -8.3327
0.913 -8.3089
0.914 -8.2850
0.915 -8.2610
0.916 -8.2369
0.917 -8.2127
0.918 -8.1885
0.919 -8.1641
0.920 -8.1397
0.921 -8.1152
0.922 -8.0905
0.923 -8.0658
0.924 -8.0410
0.925 -8.0161
0.926 -7.9912
0.927 -7.9661
0.928 -7.9409
0.929 -7.9157
0.930 -7.8903
0.931 -7.8649
0.932 -7.8393
0.933 -7.8137
0.934 -7.7880
0.935 -7.7622
0.936 -7.7363
0.937 -7.7103
0.938 -7.7103
0.939 -7.7363
0.940 -7.7622
0.941 -7.7880
0.942 -7.8137
0.943 -7.8393
0.944 -7.8649
0.945 -7.8903
0.946 -7.9157
0.947 -7.9409
0.948 -7.9661
0.949 -7.9912
0.950 -8.0161
0.951 -8.0410
0.952 -8.0658
0.953 -8.0905
0.954 -8.1152
0.955 -8.1397
0.956 -8.1641
0.957 -8.1885
0.958 -8.2127
0.959 -8.2369
0.960 -8.2610
0.961 -8.2850
0.962 -8.3089
0.963 -8.3327
0.964 -8.3565
0.965 -8.3801
0.966 -8.4037
0.967 -8.4272
0.968 -8.4506
0.969 -8.4739
0.970 -8.4971
0.971 -8.5203
0.972 -8.5434
0.973 -8.5663
0.974 -8.5892
0.975 -8.6121
0.976 -8.6348
0.977 -8.6575
0.978 -8.6800
0.979 -8.7025
0.980 -8.7249
0.981 -8.7473
0.982 -8.7695
0.983 -8.7917
0.984 -8.8138
0.985 -8.8358
0.986 -8.8578
0.987 -8.8797
0.988 -8.9015
0.989 -8.9232
0.990 -8.9448
0.991 -8.9664
0.992 -8.9879
0.993 -9.0093
0.994 -9.0306
0.995 -9.0519
0.996 -9.0731
0.997 -9.0942
0.998 -9.1152
0.999 -9.1362
1.000 -9.1571
1.001 -9.1779
1.002 -9.1987
1.003 -9.2193
1.004 -9.2399
1.005 -9.2605
1.006 -9.2809
1.007 -9.3013
1.008 -9.3217
1.009 -9.3419
1.010 -9.3621
1.011 -9.3822
1.012 -9.4023
1.013 -9.4223
1.014 -9.4422
1.015 -9.4620
1.016 -9.4818
1.017 -9.5015
1.018 -9.5212
1.019 -9.5408
1.020 -9.5603
1.021 -9.5797
1.022 -9.5991
1.023 -9.6184
1.024 -9.6377
1.025 -9.6568
1.026 -9.6759
1.027 -9.6950
1.028 -9.7140
1.029 -9.7329
1.030 -9.7517
1.031 -9.7705
1.032 -9.7892
1.033 -9.8079
1.034 -9.8265
1.035 -9.8450
1.036 -9.8634
1.037 -9.8818
1.038 -9.9001
1.039 -9.9184
1.040 -9.9366
1.041 -9.9547
1.042 -9.9728
1.043 -9.9907
1.044 -10.0087
1.045 -10.0265
1.046 -10.0443
1.047 -10.0620
1.048 -10.0797
1.049 -10.0973
1.050 -10.1148
1.051 -10.1323
1.052 -10.1497
1.053 -10.1670
1.054 -10.1842
1.055 -10.2014
1.056 -10.2186
1.057 -10.2356
1.058 -10.2526
1.059 -10.2696
1.060 -10.2864
1.061 -10.3032
1.062 -10.3200
1.063 -10.3366
1.064 -10.3532
1.065 -10.3698
1.066 -10.3862
1.067 -10.4026
1.068 -10.4190
1.069 -10.4352
1.070 -10.4514
1.071 -10.4676
1.072 -10.4836
1.073 -10.4996
1.074 -10.5156
1.075 -10.5315
1.076 -10.5473
1.077 -10.5630
1.078 -10.5787
1.079 -10.5943
1.080 -10.6098
1.081 -10.6253
1.082 -10.6407
1.083 -10.6561
1.084 -10.6714
1.085 -10.6866
1.086 -10.7017
1.087 -10.7168
1.088 -10.7318
1.089 -10.7468
1.090 -10.7617
1.091 -10.7765
1.092 -10.7912
1.093 -10.8059
1.094 -10.8205
1.095 -10.8351
1.096 -10.8496
1.097 -10.8640
1.098 -10.8783
1.099 -10.8926
1.100 -10.9068
1.101 -10.9210
1.102 -10.9350
1.103 -10.9491
1.104 -10.9630
1.105 -10.9769
1.106 -10.9907
1.107 -11.0044
1.108 -11.0181
1.109 -11.0317
1.110 -11.0452
1.111 -11.0587
1.112 -11.0721
1.113 -11.0855
1.114 -11.0987
1.115 -11.1119
1.116 -11.1250
1.117 -11.1381
1.118 -11.1511
1.119 -11.1640
1.120 -11.1769
1.121 -11.1896
1.122 -11.2024
1.123 -11.2150
1.124 -11.2276
1.125 -11.2401
1.126 -11.2525
1.127 -11.2648
1.128 -11.2771
1.129 -11.2893
1.130 -11.3015
1.131 -11.3135
1.132 -11.3255
1.133 -11.3375
1.134 -11.3493
1.135 -11.3611
1.136 -11.3728
1.137 -11.3845
1.138 -11.3960
1.139 -11.4075
1.140 -11.4189
1.141 -11.4303
1.142 -11.4415
1.143 -11.4527
1.144 -11.4638
1.145 -11.4749
1.146 -11.4859
1.147 -11.4967
1.148 -11.5076
1.149 -11.5183
1.150 -11.5289
1.151 -11.5395
1.152 -11.5500
1.153 -11.5604
1.154 -11.5708
1.155 -11.5810
1.156 -11.5912
1.157 -11.6013
1.158 -11.6113
1.159 -11.6213
1.160 -11.6311
1.161 -11.6409
1.162 -11.6506
1.163 -11.6602
1.164 -11.6697
1.165 -11.6791
1.166 -11.6885
1.167 -11.6977
1.168 -11.7069
1.169 -11.7160
1.170 -11.7250
1.171 -11.7339
1.172 -11.7427
1.173 -11.7515
1.174 -11.7601
1.175 -11.7687
1.176 -11.7771
1.177 -11.7855
1.178 -11.7938
1.179 -11.8020
1.180 -11.8101
1.181 -11.8181
1.182 -11.8260
1.183 -11.8338
1.184 -11.8416
1.185 -11.8492
1.186 -11.8567
1.187 -11.8642
1.188 -11.8715
1.189 -11.8788
1.190 -11.8859
1.191 -11.8930
1.192 -11.8999
1.193 -11.9068
1.194 -11.9135
1.195 -11.9201
1.196 -11.9267
1.197 -11.9331
1.198 -11.9395
1.199 -11.9457
1.200 -11.9518
1.201 -11.9578
1.202 -11.9637
1.203 -11.9695
1.204 -11.9752
1.205 -11.9808
1.206 -11.9863
1.207 -11.9916
1.208 -11.9969
1.209 -12.0020
1.210 -12.0070
1.211 -12.0120
1.212 -12.0167
1.213 -12.0214
1.214 -12.0260
1.215 -12.0304
1.216 -12.0347
1.217 -12.0389
1.218 -12.0430
1.219 -12.0469
1.220 -12.0508
1.221 -12.0545
1.222 -12.0580
1.223 -12.0615
1.224 -12.0648
1.225 -12.0680
1.226 -12.0710
1.227 -12.0740
1.228 -12.0767
1.229 -12.0794
1.230 -12.0819
1.231 -12.0843
1.232 -12.0866
1.233 -12.0887
1.234 -12.0906
1.235 -12.0925
1.236 -12.0941
1.237 -12.0957
1.238 -12.0971
1.239 -12.0983
1.240 -12.0994
1.241 -12.1004
1.242 -12.1012
1.243 -12.1018
1.244 -12.1023
1.245 -12.1027
1.246 -12.1029
1.247 -12.1029
1.248 -12.1028
1.249 -12.1025
1.250 -12.1021
1.251 -12.1015
1.252 -12.1007
1.253 -12.0998
1.254 -12.0987
1.255 -12.0974
1.256 -12.0959
1.257 -12.0943
1.258 -12.0925
1.259 -12.0906
1.260 -12.0884
1.261 -12.0861
1.262 -12.0836
1.263 -12.0809
1.264 -12.0780
1.265 -12.0750
1.266 -12.0717
1.267 -12.0683
1.268 -12.0647
1.269 -12.0608
1.270 -12.0568
1.271 -12.0526
1.272 -12.0482
1.273 -12.0436
1.274 -12.0387
1.275 -12.0337
1.276 -12.0285
1.277 -12.0230
1.278 -12.0174
1.279 -12.0115
1.280 -12.0055
1.281 -11.9992
1.282 -11.9927
1.283 -11.9859
1.284 -11.9790
1.285 -11.9718
1.286 -11.9644
1.287 -11.9568
1.288 -11.9489
1.289 -11.9408
1.290 -11.9324
1.291 -11.9239
1.292 -11.9150
1.293 -11.9060
1.294 -11.8967
1.295 -11.8871
1.296 -11.8773
1.297 -11.8672
1.298 -11.8569
1.299 -11.8463
1.300 -11.8355
1.301 -11.8244
1.302 -11.8130
1.303 -11.8014
1.304 -11.7895
1.305 -11.7773
1.306 -11.7648
1.307 -11.7521
1.308 -11.7391
1.309 -11.7257
1.310 -11.7121
1.311 -11.6983
1.312 -11.6841
1.313 -11.6696
1.314 -11.6548
1.315 -11.6397
1.316 -11.6243
1.317 -11.6086
1.318 -11.5925
1.319 -11.5762
1.320 -11.5595
1.321 -11.5425
1.322 -11.5252
1.323 -11.5076
1.324 -11.4896
1.325 -11.4713
1.326 -11.4526
1.327 -11.4336
1.328 -11.4142
1.329 -11.3945
1.330 -11.3744
1.331 -11.3540
1.332 -11.3332
1.333 -11.3120
1.334 -11.2905
1.335 -11.2686
1.336 -11.2463
1.337 -11.2237
1.338 -11.2006
1.339 -11.1772
1.340 -11.1533
1.341 -11.1291
1.342 -11.1044
1.343 -11.0794
1.344 -11.0539
1.345 -11.0281
1.346 -11.0018
1.347 -10.9751
1.348 -10.9479
1.349 -10.9203
1.350 -10.8923
1.351 -10.8639
1.352 -10.8350
1.353 -10.8056
1.354 -10.7758
1.355 -10.7455
1.356 -10.7148
1.357 -10.6836
1.358 -10.6519
1.359 -10.6197
1.360 -10.5871
1.361 -10.5539
1.362 -10.5203
1.363 -10.4861
1.364 -10.4515
1.365 -10.4163
1.366 -10.3806
1.367 -10.3444
1.368 -10.3077
1.369 -10.2704
1.370 -10.2326
1.371 -10.1942
1.372 -10.1553
1.373 -10.1159
1.374 -10.0758
1.375 -10.0352
1.376 -9.9940
1.377 -9.9523
1.378 -9.9099
1.379 -9.8669
1.380 -9.8234
1.381 -9.7792
1.382 -9.7344
1.383 -9.6890
1.384 -9.6430
1.385 -9.5963
1.386 -9.5490
1.387 -9.5011
1.388 -9.4525
1.389 -9.4032
1.390 -9.3533
1.391 -9.3027
1.392 -9.2514
1.393 -9.1994
1.394 -9.1467
1.395 -9.0933
1.396 -9.0392
1.397 -8.9843
1.398 -8.9288
1.399 -8.8725
1.400 -8.8154
1.401 -8.7576
1.402 -8.6991
1.403 -8.6397
1.404 -8.5796
1.405 -8.5187
1.406 -8.4571
1.407 -8.3946
1.408 -8.3313
1.409 -8.2671
1.410 -8.2022
1.411 -8.1364
1.412 -8.0698
1.413 -8.0023
1.414 -7.9339
1.415 -7.8647
1.416 -7.7946
1.417 -7.7236
1.418 -7.6517
1.419 -7.5789
1.420 -7.5051
1.421 -7.4304
1.422 -7.3548
1.423 -7.2782
1.424 -7.2007
1.425 -7.1222
1.426 -7.0426
1.427 -6.9621
1.428 -6.8806
1.429 -6.7981
1.430 -6.7146
1.431 -6.6300
1.432 -6.5443
1.433 -6.4576
1.434 -6.3698
1.435 -6.2810
1.436 -6.1910
1.437 -6.0999
1.438 -6.0077
1.439 -5.9144
1.440 -5.8200
1.441 -5.7243
1.442 -5.6275
1.443 -5.5295
1.444 -5.4304
1.445 -5.3300
1.446 -5.2284
1.447 -5.1255
1.448 -5.0214
1.449 -4.9161
1.450 -4.8095
1.451 -4.7015
1.452 -4.5923
1.453 -4.4818
1.454 -4.3699
1.455 -4.2567
1.456 -4.1421
1.457 -4.0262
1.458 -3.9088
1.459 -3.7901
1.460 -3.6699
1.461 -3.5483
1.462 -3.4252
1.463 -3.3007
1.464 -3.1747
1.465 -3.0472
1.466 -2.9182
1.467 -2.7876
1.468 -2.6555
1.469 -2.5218
1.470 -2.3866
1.471 -2.2497
1.472 -2.1112
1.473 -1.9711
1.474 -1.8294
1.475 -1.6859
1.476 -1.5408
1.477 -1.3940
1.478 -1.2454
1.479 -1.0951
1.480 -0.9431
1.481 -0.7892
1.482 -0.6336
1.483 -0.4761
1.484 -0.3168
1.485 -0.1556
1.486 0.0075
1.487 0.1724
1.488 0.3393
1.489 0.5081
1.490 0.6789
1.491 0.8517
1.492 1.0265
1.493 1.2034
1.494 1.3822
1.495 1.5632
1.496 1.7462
1.497 1.9314
1.498 2.1187
1.499 2.3082
1.500 2.4999
1.501 2.6938
1.502 2.8899
1.503 3.0883
1.504 3.2890
1.505 3.4920
1.506 3.6973
1.507 3.9050
1.508 4.1151
1.509 4.3276
1.510 4.5426
1.511 4.7600
1.512 4.9799
1.513 5.2023
1.514 5.4273
1.515 5.6548
1.516 5.8850
1.517 6.1178
1.518 6.3532
1.519 6.5914
1.520 6.8322
1.521 7.0758
1.522 7.3222
1.523 7.5714
1.524 7.8235
1.525 8.0784
1.526 8.3362
1.527 8.5970
1.528 8.8607
1.529 9.1274
1.530 9.3972
1.531 9.6700
1.532 9.9459
1.533 10.2250
1.534 10.5072
1.535 10.7926
1.536 11.0812
1.537 11.3732
1.538 11.6684
1.539 11.9670
1.540 12.2689
1.541 12.5743
1.542 12.8831
1.543 13.1955
1.544 13.5113
1.545 13.8307
1.546 14.1538
1.547 14.4804
1.548 14.8108
1.549 15.1449
1.550 15.4827
1.551 15.8244
1.552 16.1699
1.553 16.5192
1.554 16.8726
1.555 17.2299
1.556 17.5912
1.557 17.9566
1.558 18.3261
1.559 18.6997
1.560 19.0776
1.561 19.4596
1.562 19.8460
1.563 20.2367
1.564 20.6318
1.565 21.0314
1.566 21.4354
1.567 21.8439
1.568 22.2570
1.569 22.6748
1.570 23.0972
1.571 23.5243
1.572 23.9563
1.573 24.3930
1.574 24.8347
1.575 25.2813
1.576 25.7329
1.577 26.1895
1.578 26.6512
1.579 27.1181
1.580 27.5902
1.581 28.0676
1.582 28.5503
1.583 29.0384
1.584 29.5319
1.585 30.0310
1.586 30.5356
1.587 31.0458
1.588 31.5617
1.589 32.0834
1.590 32.6109
1.591 33.1442
1.592 33.6835
1.593 34.2288
1.594 34.7802
1.595 35.3377
1.596 35.9014
1.597 36.4714
1.598 37.0477
1.599 37.6304
1.600 38.2196
1.601 38.8154
1.602 39.4177
1.603 40.0268
1.604 40.6426
1.605 41.2652
1.606 41.8948
1.607 42.5314
1.608 43.1750
1.609 43.8258
1.610 44.4838
1.611 45.1490
1.612 45.8217
1.613 46.5018
1.614 47.1895
1.615 47.8848
1.616 48.5878
1.617 49.2986
1.618 50.0172
1.619 50.7438
1.620 51.4785
1.621 52.2213
1.622 52.9723
1.623 53.7317
1.624 54.4994
1.625 55.2756
1.626 56.0605
1.627 56.8540
1.628 57.6562
1.629 58.4674
1.630 59.2875
1.631 60.1167
1.632 60.9550
1.633 61.8027
1.634 62.6596
1.635 63.5261
1.636 64.4021
1.637 65.2878
1.638 66.1833
1.639 67.0886
1.640 68.0040
1.641 68.9295
1.642 69.8652
1.643 70.8112
1.644 71.7676
1.645 72.7346
1.646 73.7123
1.647 74.7008
1.648 75.7001
1.649 76.7105
1.650 77.7320
1.651 78.7648
1.652 79.8090
1.653 80.8647
1.654 81.9320
1.655 83.0111
1.656 84.1021
1.657 85.2051
1.658 86.3202
1.659 87.4476
1.660 88.5875
1.661 89.7399
1.662 90.9050
1.663 92.0829
1.664 93.2738
1.665 94.4778
1.666 95.6950
1.667 96.9257
1.668 98.1699
1.669 99.4277
1.670 100.6995
1.671 101.9852
1.672 103.2850
1.673 104.5992
1.674 105.9278
1.675 107.2710
1.676 108.6290
1.677 110.0020
1.678 111.3900
1.679 112.7933
1.680 114.2120
1.681 115.6463
1.682 117.0963
1.683 118.5623
1.684 120.0445
1.685 121.5429
1.686 123.0577
1.687 124.5892
1.688 126.1376
1.689 127.7029
1.690 129.2854
1.691 130.8853
1.692 132.5028
1.693 134.1381
1.694 135.7913
1.695 137.4626
1.696 139.1523
1.697 140.8606
1.698 142.5876
1.699 144.3336
1.700 146.0987
1.701 147.8832
1.702 149.6873
1.703 151.5111
1.704 153.3550
1.705 155.2192
1.706 157.1037
1.707 159.0090
1.708 160.9351
1.709 162.8824
1.710 164.8510
1.711 166.8413
1.712 168.8533
1.713 170.8874
1.714 172.9439
1.715 175.0228
1.716 177.1246
1.717 179.2494
1.718 181.3975
1.719 183.5692
1.720 185.7646
1.721 187.9841
1.722 190.2280
1.723 192.4964
1.724 194.7897
1.725 197.1082
1.726 199.4520
1.727 201.8215
1.728 204.2170
1.729 206.6387
1.730 209.0870
1.731 211.5621
1.732 214.0643
1.733 216.5939
1.734 219.1512
1.735 221.7365
1.736 224.3502
1.737 226.9925
1.738 229.6637
1.739 232.3641
1.740 235.0942
1.741 237.8541
1.742 240.6442
1.743 243.4649
1.744 246.3165
1.745 249.1993
1.746 252.1137
1.747 255.0600
1.748 258.0385
1.749 261.0496
1.750 264.0937
1.751 267.1711
1.752 270.2821
1.753 273.4273
1.754 276.6068
1.755 279.8212
1.756 283.0707
1.757 286.3558
1.758 289.6768
1.759 293.0342
1.760 296.4283
1.761 299.8595
1.762 303.3283
1.763 306.8350
1.764 310.3801
1.765 313.9640
1.766 317.5871
1.767 321.2498
1.768 324.9525
1.769 328.6958
1.770 332.4800
1.771 336.3056
1.772 340.1731
1.773 344.0828
1.774 348.0353
1.775 352.0311
1.776 356.0705
1.777 360.1541
1.778 364.2823
1.779 368.4557
1.780 372.6748
1.781 376.9399
1.782 381.2517
1.783 385.6106
1.784 390.0172
1.785 394.4720
1.786 398.9754
1.787 403.5281
1.788 408.1306
1.789 412.7834
1.790 417.4870
1.791 422.2421
1.792 427.0491
1.793 431.9087
1.794 436.8214
1.795 441.7877
1.796 446.8084
1.797 451.8839
1.798 457.0149
1.799 462.2020
1.800 467.4458
1.801 472.7468
1.802 478.1058
1.803 483.5234
1.804 489.0002
1.805 494.5368
1.806 500.1339
1.807 505.7921
1.808 511.5122
1.809 517.2948
1.810 523.1405
1.811 529.0502
1.812 535.0244
1.813 541.0638
1.814 547.1693
1.815 553.3414
1.816 559.5810
1.817 565.8887
1.818 572.2654
1.819 578.7117
1.820 585.2284
1.821 591.8163
1.822 598.4761
1.823 605.2087
1.824 612.0149
1.825 618.8954
1.826 625.8510
1.827 632.8826
1.828 639.9910
1.829 647.1771
1.830 654.4416
1.831 661.7855
1.832 669.2095
1.833 676.7147
1.834 684.3018
1.835 691.9718
1.836 699.7255
1.837 707.5639
1.838 715.4879
1.839 723.4984
1.840 731.5964
1.841 739.7829
1.842 748.0587
1.843 756.4249
1.844 764.8824
1.845 773.4323
1.846 782.0755
1.847 790.8131
1.848 799.6461
1.849 808.5756
1.850 817.6025
1.851 826.7280
1.852 835.9532
1.853 845.2790
1.854 854.7067
1.855 864.2373
1.856 873.8719
1.857 883.6117
1.858 893.4579
1.859 903.4115
1.860 913.4738
1.861 923.6460
1.862 933.9292
1.863 944.3246
1.864 954.8335
1.865 971.6780
