0.0000000000000000 12350.0703515000004700
0.0500000000000000 12006.5162119999968127
0.1000000000000000 11054.9039539999976114
0.1500000000000000 9693.8768955000014103
0.2000000000000000 8154.5069629999952667
0.2500000000000000 6629.3782164999975066
0.3000000000000000 5242.3966929999996864
0.3500000000000000 4053.4699289999980465
0.4000000000000000 3076.7426254999959383
0.4500000000000000 2299.4884109999957218
0.5000000000000000 1696.1580574999995861
0.5500000000000000 1237.3429369999962546
0.6000000000000000 894.5510289999972429
0.6500000000000000 642.5418574999980592
0.7000000000000000 460.1562619999957064
0.7500000000000000 330.2488579999995295
0.8000000000000000 239.2635029999956373
0.8500000000000000 176.6929804999998908
0.9000000000000000 134.4325505000010139
0.9500000000000000 106.3264699999976273
1.0000000000000000 87.7434590000004846
1.0500000000000000 75.3161909999992929
1.1000000000000001 67.4430149999956967
1.1499999999999999 63.5739664999961462
1.2000000000000000 62.8310319999961635
1.2500000000000000 64.1625249999964922
1.3000000000000000 66.5553529999991440
1.3500000000000001 69.0253689999988609
1.3999999999999999 70.1542435000006890
1.4500000000000000 69.8165459999977145
1.5000000000000000 68.0701674999973250
1.5500000000000000 64.9344050000001687
1.6000000000000001 60.3320704999982169
1.6499999999999999 54.3692974999977210
1.7000000000000000 47.3162439999966722
1.7500000000000000 39.6842804999983514
1.8000000000000000 32.1680989999983851
1.8500000000000001 25.4623914999979029
1.8999999999999999 19.7311824999996048
1.9500000000000000 14.9262294999991489
2.0000000000000000 10.9799929999970338
2.0499999999999998 7.8056364999986050
2.1000000000000001 5.3163234999982363
2.1499999999999999 3.4252174999957878
2.2000000000000002 2.0261849999959636
2.2500000000000000 1.0613349999968409
2.2999999999999998 0.4438309999982801
2.3500000000000001 0.1061335000007810
2.3999999999999999 0.0000000000000000
2.4500000000000002 0.0675394999994998
2.5000000000000000 0.2605095000004212
2.5499999999999998 0.5499644999990611
2.6000000000000001 0.9069589999972006
2.6499999999999999 1.3025474999966216
2.7000000000000002 1.7174329999966829
2.7500000000000000 2.1516154999973849
2.7999999999999998 2.5665009999974462
2.8500000000000001 2.9813864999975079
2.8999999999999999 3.3769749999969285
2.9500000000000002 3.7532664999957088
3.0000000000000000 4.1006124999962701
3.0499999999999998 4.4286614999961911
3.1000000000000001 4.7277649999978939
3.1499999999999999 5.0172199999965335
3.2000000000000002 5.2777294999969548
3.2500000000000000 5.5189419999967360
3.2999999999999998 5.7408574999958759
3.3500000000000001 5.9434759999998592
3.3999999999999999 6.1364460000007810
3.4500000000000002 6.3101189999955771
3.5000000000000000 6.4741434999982799
3.5499999999999998 6.6285194999979202
3.6000000000000001 6.7732469999999827
3.6499999999999999 6.9083259999989819
3.7000000000000002 7.0337565000004032
3.7500000000000000 7.1495384999987630
3.7999999999999998 7.2556719999995440
3.8500000000000001 7.3618055000003251
3.8999999999999999 7.4582904999980428
3.9500000000000002 7.5547754999957615
4.0000000000000000 7.6416119999959022
4.0499999999999998 7.7187999999984642
4.0999999999999996 7.7959880000010271
4.1500000000000004 7.8731759999981046
4.2000000000000002 7.9407154999976042
4.2500000000000000 8.0082549999971047
4.2999999999999998 8.0757944999966043
4.3499999999999996 8.1336854999985260
4.4000000000000004 8.1915765000004477
4.4500000000000002 8.2494674999968840
4.5000000000000000 8.2977099999957442
4.5499999999999998 8.3459525000000880
4.5999999999999996 8.3941949999989465
4.6500000000000004 8.4424374999978067
4.7000000000000002 8.4810314999990872
4.7500000000000000 8.5196255000003678
4.7999999999999998 8.5582194999961647
4.8499999999999996 8.5968134999974470
4.9000000000000004 8.6257589999956643
4.9500000000000002 8.6643529999969466
5.0000000000000000 8.6932985000006493
