0.00 -254.3017999999999859
0.05 -257.8625000000000114
0.10 -267.7253000000000043
0.15 -281.8313999999999737
0.20 -297.7859000000000265
0.25 -313.5928000000000111
0.30 -327.9678999999999860
0.35 -340.2903000000000020
0.40 -350.4134000000000242
0.45 -358.4691000000000258
0.50 -364.7221999999999866
0.55 -369.4775000000000205
0.60 -373.0303000000000111
0.65 -375.6422000000000025
0.70 -377.5325000000000273
0.75 -378.8788999999999874
0.80 -379.8219000000000278
0.85 -380.4703999999999837
0.90 -380.9083999999999719
0.95 -381.1997000000000071
1.00 -381.3922999999999774
1.05 -381.5210999999999899
1.10 -381.6027000000000271
1.15 -381.6428000000000225
1.20 -381.6505000000000223
1.25 -381.6367000000000189
1.30 -381.6118999999999915
1.35 -381.5862999999999943
1.40 -381.5745999999999754
1.45 -381.5781000000000063
1.50 -381.5962000000000103
1.55 -381.6286999999999807
1.60 -381.6764000000000010
1.65 -381.7382000000000062
1.70 -381.8113000000000170
1.75 -381.8903999999999996
1.80 -381.9682999999999993
1.85 -382.0378000000000043
1.90 -382.0971999999999866
1.95 -382.1469999999999914
2.00 -382.1879000000000133
2.05 -382.2207999999999970
2.10 -382.2466000000000008
2.15 -382.2662000000000262
2.20 -382.2807000000000244
2.25 -382.2907000000000153
2.30 -382.2971000000000004
2.35 -382.3005999999999744
2.40 -382.3016999999999825
2.45 -382.3009999999999877
2.50 -382.2989999999999782
2.55 -382.2959999999999923
2.60 -382.2923000000000116
2.65 -382.2882000000000176
2.70 -382.2839000000000169
2.75 -382.2794000000000096
2.80 -382.2751000000000090
2.85 -382.2708000000000084
2.90 -382.2667000000000144
2.95 -382.2628000000000270
3.00 -382.2592000000000212
3.05 -382.2558000000000220
3.10 -382.2527000000000044
3.15 -382.2497000000000185
3.20 -382.2470000000000141
3.25 -382.2445000000000164
3.30 -382.2422000000000253
3.35 -382.2400999999999840
3.40 -382.2380999999999744
3.45 -382.2363000000000284
3.50 -382.2346000000000004
3.55 -382.2330000000000041
3.60 -382.2314999999999827
3.65 -382.2300999999999931
3.70 -382.2287999999999784
3.75 -382.2275999999999954
3.80 -382.2264999999999873
3.85 -382.2253999999999792
3.90 -382.2244000000000028
3.95 -382.2234000000000265
4.00 -382.2225000000000250
4.05 -382.2216999999999985
4.10 -382.2208999999999719
4.15 -382.2201000000000022
4.20 -382.2194000000000074
4.25 -382.2187000000000126
4.30 -382.2180000000000177
4.35 -382.2173999999999978
4.40 -382.2167999999999779
4.45 -382.2162000000000148
4.50 -382.2157000000000266
4.55 -382.2151999999999816
4.60 -382.2146999999999935
4.65 -382.2142000000000053
4.70 -382.2137999999999920
4.75 -382.2133999999999787
4.80 -382.2130000000000223
4.85 -382.2126000000000090
4.90 -382.2123000000000275
4.95 -382.2119000000000142
5.00 -382.2115999999999758
